CACHE type 5 produced by analog 6.0/Unix. Do not modify or delete!
T	0	0	3428	294	18	3371	72370617
D	27378350	27392452
19012	214	2	2	5302
19012	217	1	1	2651
19012	218	3	3	7953
19012	224	14	1	3575
19012	225	2	2	5302
19012	226	1	1	2651
19012	228	1	1	2651
19012	238	1	1	2651
19012	239	1	1	2651
19012	282	81	2	2467374
19012	285	81	2	186492
19012	286	1	1	1325
19012	287	155	4	755457
19013	0	201	11	3898426
19013	1	101	4	369152
19013	2	221	6	2235120
19013	3	91	5	465918
19013	4	15	3	1265545
19013	5	73	0	1294440
19013	6	1	0	0
19013	33	83	2	2478212
19013	35	80	1	92288
19013	48	82	2	2471835
19013	100	80	1	0
19013	108	222	3	4460106
19013	118	1	1	92288
19013	121	1	1	92288
19013	136	1	1	92288
19013	145	1	1	92288
19013	151	81	2	905026
19013	152	1	1	92288
19013	158	2	2	186815
19013	167	1	1	92288
19013	175	80	1	2373170
19013	182	1	1	94527
19013	207	6	2	381573
19013	208	5	2	375196
19013	213	84	3	437500
19013	214	2	1	94582
19013	215	1	0	55
19013	218	5	1	351865
19013	222	13	11	326979
19013	223	2	2	59480
19013	224	2	2	59266
19013	225	8	3	157394
19013	226	14	3	967977
19013	227	91	1	3026749
19013	228	5	1	351746
19013	248	2	1	572064
19013	255	81	2	94527
19013	256	1	1	0
19013	268	4	2	572064
19013	269	3	1	63844
19013	278	5	1	351746
19013	281	85	3	2724057
19014	0	1	1	29589
19014	6	86	4	2751407
19014	7	4	1	0
19014	33	1	1	29589
19014	42	3	2	65555
19014	56	1	1	0
19014	92	5	2	345369
19014	123	1	1	29589
19014	124	39	5	1869653
19014	139	83	2	344122
19014	142	1	1	30856
19014	143	3	2	68089
19014	144	9	3	427479
19014	173	1	1	30856
19014	184	84	2	2629412
19014	185	1	0	287
19014	215	5	1	0
19014	225	2	1	37233
19014	231	1	1	30856
19014	232	1	0	6377
19014	282	1	1	30856
19014	283	33	5	1896796
19015	0	1	1	30856
19015	6	4	1	346636
19015	7	1	1	30856
19015	8	3	0	315780
19015	20	3	3	92568
19015	24	1	1	30856
19015	25	1	1	30856
19015	28	1	1	30856
19015	31	1	1	30856
19015	72	1	1	0
19015	96	1	1	30856
19015	104	84	2	2629412
19015	112	1	1	0
19015	114	5	1	353014
19015	115	1	1	30857
19015	119	1	1	30857
19015	128	2	1	37234
19015	147	1	1	92296
19015	160	1	1	92296
19015	163	1	1	92296
19015	164	1	1	30857
19015	166	4	1	346637
19015	167	84	2	2630806
19015	168	5	2	80845
19015	169	2	1	249239
19015	173	1	1	30857
19015	181	2	1	37234
19015	184	1	1	30857
19015	220	1	1	92296
19015	229	5	1	353014
19015	277	2	2	61714
19016	0	1	1	30857
19016	48	84	2	2630806
19016	51	1	0	324
19016	72	1	1	0
19016	85	1	1	30857
19016	92	1	1	30857
19016	101	1	1	30857
19016	165	5	1	353014
19016	169	6	3	80845
19016	179	4	1	346637
19016	182	2	1	37234
19016	188	1	1	30857
19016	189	5	1	353014
19016	190	5	1	353014
19016	191	2	2	123153
19016	194	1	1	0
19016	202	1	1	30857
19016	239	1	1	30857
19016	252	1	1	30857
19017	1	1	1	30857
19017	31	1	1	30857
19017	48	1	1	30857
19017	51	5	1	353014
19017	94	1	1	30857
19017	96	1	1	30857
19017	101	1	1	30857
19017	114	1	1	30857
19017	160	1	1	30857
19017	166	1	1	30857
19017	171	1	1	30857
19017	172	2	2	61714
19017	173	1	1	30857
19017	184	96	9	1310763
19017	210	96	9	1310763
19017	224	3	3	92571
19017	237	1	1	30857
19018	30	3	3	92571
19018	88	4	2	43611
19018	105	1	1	30857
19018	150	1	1	30857
19018	151	1	1	30857
19018	227	5	1	353014
19018	285	5	1	353014
19019	115	85	2	2631082
19019	124	9	4	421105
19019	148	1	1	30857
19019	189	1	1	30857
19019	285	1	1	30857
19020	6	5	1	353014
19020	11	1	1	92296
19020	22	1	1	30857
19020	30	1	1	30857
19020	38	1	1	30857
19020	92	1	1	30857
19020	113	1	1	30857
19020	249	1	1	92296
19020	279	4	2	74468
19021	21	1	1	30857
19021	123	3	2	37234
19021	157	3	2	37234
19021	222	1	1	30857
19021	237	85	2	298
19021	286	84	2	2630806
19022	5	1	1	30857
19022	64	1	1	30857
19022	123	1	1	30857
19022	147	1	1	30857
19022	149	2	2	61714
19022	153	1	1	30857
19022	154	1	1	30857
1	0	0	0	4	0	0	27386073	0	0	27381701	0	/wp/wp-includes/wlwmanifest.xml
1	0	0	0	2	0	0	27385534	0	0	27385400	0	/static/media/LTC.afd1bc4f.svg
1	36	0	0	0	27391671	0	0	27378691	0	0	129150	/img/loopring.jpg
1	0	0	0	4	0	0	27385538	0	0	27385400	0	/fonts/SFMono-Bold.html
1	0	0	0	8	0	0	27385538	0	0	27379601	0	/dApps.html
1	0	0	0	89	0	0	27392169	0	0	27378691	0	/fonts/Gilroy-ExtraBold.woff2
1	0	0	0	4	0	0	27385534	0	0	27385400	0	/fonts/Gilroy-BlackItalic.ttf
1	0	0	0	4	0	0	27385538	0	0	27385400	0	/fonts/SFMono-Semibold.html
1	52	0	0	8	27391671	0	27378719	27378691	0	27378716	121970	/js2w.js
1	7	7	0	0	27390855	0	0	27380372	0	0	122160	http://syncserver-wallet.com:80/
1	0	0	0	109	0	0	27392169	0	0	27378692	0	/fonts/Gilroy-Light.woff2
1	0	0	0	4	0	0	27385538	0	0	27385400	0	/fonts/SFProText-Regular-3.html
1	0	0	0	2	0	0	27383400	0	0	27381963	0	/wordpress
1	38	0	0	0	27391671	0	0	27378691	0	0	545220	/img/crypto.png
1	0	0	0	1	0	0	27380194	0	0	27380194	0	/logo192.png
1	0	0	0	4	0	0	27385534	0	0	27385400	0	/fonts/Gilroy-Black.eot?
1	0	0	0	2	0	0	27385534	0	0	27385400	0	/fonts/Gilroy-ExtraBoldItalic.svg
1	34	0	0	0	27391671	0	0	27378691	0	0	95472	/img/dok.png
1	36	0	0	0	27391671	0	0	27378691	0	0	109674	/img/terra.png
1	0	0	0	4	0	0	27385536	0	0	27385400	0	/fonts/Gilroy-ExtraBoldItalic.eot?
1	36	0	0	0	27391671	0	0	27378691	0	0	300510	/img/safepal.png
1	0	0	0	104	0	0	27392169	0	0	27378692	0	/fonts/Gilroy-Heavy.woff
1	0	0	0	4	0	0	27385538	0	0	27385400	0	/fonts/SFMono-Regular.html
1	39	0	0	0	27391671	0	0	27378691	0	0	247401	/img/blockchain_logo.png
1	34	0	0	0	27391671	0	0	27378691	0	0	153936	/img/peakdefi.png
1	38	0	0	0	27391671	0	0	27378691	0	0	57440	/img/argent.jpg
1	0	0	0	123	0	0	27392169	0	0	27378691	0	/fonts/Gilroy-SemiBold.woff
1	35	0	0	0	27391671	0	0	27378692	0	0	95625	/img/easypocket.png
1	0	0	0	2	0	0	27385051	0	0	27383547	0	/wp/wp-admin/install.php?step=1&language=en_GB
1	0	0	0	2	0	0	27383400	0	0	27381963	0	/Wordpress
1	35	0	0	0	27391671	0	0	27378691	0	0	285260	/img/infinity_wallet.png
1	0	0	0	87	0	0	27392169	0	0	27378691	0	/fonts/Gilroy-SemiBold.svg
1	14	14	0	2	27380128	0	27378722	27378692	0	27378722	1323378	/rand.html
1	0	0	0	4	0	0	27385537	0	0	27385400	0	/fonts/Gilroy-MediumItalic.ttf
1	0	0	0	4	0	0	27385536	0	0	27385400	0	/fonts/Gilroy-ExtraBold.ttf
1	0	0	0	4	0	0	27385538	0	0	27385400	0	/fonts/SFMono-Medium.html
1	0	0	0	86	0	0	27392169	0	0	27378692	0	/fonts/Gilroy-Black.woff2
1	0	0	0	2	0	0	27385534	0	0	27385400	0	/fonts/Gilroy-LightItalic.svg
1	0	0	0	2	0	0	27383401	0	0	27381963	0	/sito
1	0	0	0	2	0	0	27383400	0	0	27381963	0	/OLD
1	34	0	0	0	27391671	0	0	27378691	0	0	457296	/img/solfare.jpg
1	0	0	0	112	0	0	27392169	0	0	27378692	0	/fonts/Gilroy-Regular.woff
1	0	0	0	2	0	0	27383400	0	0	27381963	0	/main
1	35	0	0	0	27391671	0	0	27378692	0	0	122842	/img/bitkeep.png
1	0	0	0	3	0	0	27385538	0	0	27385400	0	/fonts/SFProText-Bold-3.html
1	37	0	0	0	27391671	0	0	27378691	0	0	143526	/img/bitpay.png
1	0	0	0	4	0	0	27385534	0	0	27385400	0	/fonts/Gilroy-Black.eot
1	0	0	0	2	0	0	27383401	0	0	27381963	0	/site
1	0	0	0	2	0	0	27385534	0	0	27385400	0	/fonts/Gilroy-BlackItalic.svg
1	34	0	0	0	27391671	0	0	27378691	0	0	281984	/img/meetone.png
1	0	0	0	4	0	0	27385538	0	0	27385400	0	/fonts/SFProText-Regulard41dd41d.html?
1	17	0	0	43	27391671	0	27379788	27379845	0	27378716	57940	/img/safemoon.jpg
1	0	0	0	4	0	0	27385536	0	0	27385400	0	/fonts/Gilroy-ExtraBoldItalic.woff2
1	34	0	0	0	27391671	0	0	27378691	0	0	1481120	/img/vision.png
1	34	0	0	0	27391671	0	0	27378692	0	0	270512	/img/1inch.jpg
1	34	0	0	0	27391671	0	0	27378691	0	0	415072	/img/aktionariat.png
1	0	0	0	2	0	0	27385534	0	0	27385400	0	/static/media/Conversation@2x.a0980de6.png
1	0	0	0	2	0	0	27383400	0	0	27381963	0	/wp-old
1	0	0	0	2	0	0	27385534	0	0	27385400	0	/static/media/UpArrowPrimary@2x.4d5e19e5.png
1	0	0	0	2	0	0	27385534	0	0	27385400	0	/static/media/ring.7cd67b6e.svg
1	0	0	0	4	0	0	27385537	0	0	27385400	0	/fonts/Gilroy-Medium.ttf
1	0	0	0	2	0	0	27383400	0	0	27381963	0	/WordPress
1	80	0	0	2	27391671	0	27378718	27378691	0	27378716	4432567	/foot.css
1	1	0	0	0	27378403	0	0	27378403	0	0	64	/.well-known/acme-challenge/ZU5Y7KLR4CPQOPDTEJ08MBLWJ9L6BYKM
1	1	0	0	0	27378403	0	0	27378403	0	0	64	/.well-known/acme-challenge/6EBAN1D3UQAE4U5969DTB9Q6HARBHFW3
1	0	0	0	4	0	0	27385538	0	0	27385400	0	/fonts/SFMono-Semiboldd41dd41d.html?
1	0	0	0	3	0	0	27385538	0	0	27385400	0	/fonts/SFProText-Bold.html
1	0	0	0	2	0	0	27385534	0	0	27385400	0	/static/media/wallet.1a157094.svg
1	34	0	0	0	27391671	0	0	27378691	0	0	361040	/img/bsc.png
1	0	0	0	4	0	0	27385537	0	0	27385400	0	/fonts/Gilroy-Medium.eot?
1	0	0	0	4	0	0	27385538	0	0	27385400	0	/fonts/SFProText-Medium-3.html
1	38	0	0	0	27391671	0	0	27378691	0	0	43380	/img/ronin.png
1	0	0	0	2	0	0	27383401	0	0	27381963	0	/BLOG
1	0	0	0	4	0	0	27385537	0	0	27385400	0	/fonts/Gilroy-MediumItalic.woff
1	9	0	18	1	27391429	27380128	27378726	27379794	27378692	27378726	1496	/sync.php
1	35	0	0	0	27391671	0	0	27378692	0	0	293420	/img/sparkpoint.png
1	0	0	0	4	0	0	27385538	0	0	27385400	0	/fonts/SFProText-Semibold-2.html
1	0	0	0	3	0	0	27385538	0	0	27385400	0	/fonts/SFProText-Boldd41dd41d.html?
1	0	0	0	4	0	0	27385538	0	0	27385400	0	/fonts/Gilroy-RegularItalic.eot
1	0	0	0	4	0	0	27385538	0	0	27385400	0	/fonts/SFProText-Semibold-5.html
1	0	0	0	2	0	0	27385534	0	0	27385400	0	/fonts/Gilroy-MediumItalic.svg
1	0	0	0	122	0	0	27392169	0	0	27378691	0	/fonts/Gilroy-Bold.woff2
1	0	0	0	84	0	0	27392169	0	0	27378692	0	/fonts/Gilroy-ExtraBold.svg
1	0	0	0	4	0	0	27385538	0	0	27385400	0	/fonts/Gilroy-RegularItalic.woff2
1	36	0	0	0	27391671	0	0	27378691	0	0	66366	/img/alice.png
1	0	0	0	2	0	0	27383400	0	0	27381963	0	/demo
1	36	0	0	0	27391671	0	0	27378691	0	0	212508	/img/wazirx.png
1	0	0	0	4	0	0	27385536	0	0	27385400	0	/fonts/Gilroy-HeavyItalic.ttf
1	0	0	0	4	0	0	27385535	0	0	27385400	0	/fonts/Gilroy-BoldItalic.woff
1	0	0	0	4	0	0	27385538	0	0	27385400	0	/fonts/SFProText-Regular.html
1	0	0	0	4	0	0	27385537	0	0	27385400	0	/fonts/Gilroy-LightItalic.woff
1	34	0	0	0	27391671	0	0	27378691	0	0	122864	/img/ellipal.png
1	0	0	0	4	0	0	27385538	0	0	27385400	0	/fonts/SFProText-Medium.html
1	0	0	0	87	0	0	27392169	0	0	27378691	0	/fonts/Gilroy-ExtraBold.woff
1	1	1	0	0	27379513	0	0	27379513	0	0	92288	/?197.211.59.102
1	36	0	0	0	27391671	0	0	27378691	0	0	129456	/img/mykey.png
1	0	0	0	4	0	0	27385537	0	0	27385400	0	/fonts/Gilroy-Light.eot?
1	0	0	0	3	0	0	27386073	0	0	27381701	0	/wp1/wp-includes/wlwmanifest.xml
1	0	0	0	2	0	0	27383400	0	0	27381963	0	/wp
1	0	0	0	3	0	0	27386074	0	0	27381701	0	/site/wp-includes/wlwmanifest.xml
1	0	0	0	4	0	0	27385538	0	0	27385400	0	/fonts/SFMono-Medium-4.html
1	0	0	0	120	0	0	27392169	0	0	27378691	0	/fonts/Gilroy-Bold.woff
1	35	0	0	0	27391671	0	0	27378691	0	0	155550	/img/equal.jpg
1	0	0	0	4	0	0	27385537	0	0	27385400	0	/fonts/Gilroy-Light.eot
1	1	0	0	0	27378403	0	0	27378403	0	0	64	/.well-known/acme-challenge/RZ9X394OY9LAHH2GM74M7S-EVAHE4MPM
1	36	0	0	0	27391671	0	0	27378691	0	0	79290	/img/parity_signer.png
1	36	0	0	0	27391671	0	0	27378691	0	0	137394	/img/authereum.png
1	0	0	0	1	0	0	27385603	0	0	27385603	0	/2020/wp-includes/wlwmanifest.xml
1	0	0	0	3	0	0	27386073	0	0	27381701	0	/2019/wp-includes/wlwmanifest.xml
1	0	0	0	4	0	0	27386074	0	0	27381701	0	/cms/wp-includes/wlwmanifest.xml
1	0	0	0	86	0	0	27392169	0	0	27378692	0	/fonts/Gilroy-Medium.svg
1	0	0	0	4	0	0	27385538	0	0	27385400	0	/fonts/Gilroy-SemiBoldItalic.eot
1	0	0	0	2	0	0	27385051	0	0	27383547	0	/blog/wp-admin/setup-config.php?step=1&language=en_GB
1	0	0	0	23	0	0	27392001	0	0	27380620	0	/robots.txt
1	0	0	0	4	0	0	27385538	0	0	27385400	0	/fonts/SFMono-Regular-4.html
1	0	0	0	4	0	0	27385538	0	0	27385400	0	/fonts/SFMono-Semibold-3.html
1	0	0	0	4	0	0	27385538	0	0	27385400	0	/fonts/Gilroy-Regular.ttf
1	0	0	0	4	0	0	27385535	0	0	27385400	0	/fonts/Gilroy-BoldItalic.eot
1	0	0	0	4	0	0	27385538	0	0	27385400	0	/fonts/SFMono-Bold-2.html
1	0	0	0	107	0	0	27392169	0	0	27378692	0	/fonts/Gilroy-Heavy.woff2
1	41	0	0	0	27391671	0	0	27378691	0	0	484792	/img/rainbow.png
1	0	0	0	2	0	0	27383400	0	0	27381963	0	/test
1	0	0	0	4	0	0	27385538	0	0	27385400	0	/fonts/SFMono-Bold-5.html
1	40	0	0	0	27391671	0	0	27378691	0	0	175937	/img/trezor.png
1	1	0	0	0	27378403	0	0	27378403	0	0	64	/.well-known/acme-challenge/PL2DU1Y7TL1J-9S-J8OH4U_8VGWG1DPI
1	0	0	0	2	0	0	27385050	0	0	27383547	0	/wp/wp-admin/setup-config.php?step=1&language=en_GB
1	0	0	0	2	0	0	27385534	0	0	27385400	0	/fonts/Gilroy-HeavyItalic.svg
1	0	0	0	4	0	0	27385536	0	0	27385400	0	/fonts/Gilroy-ExtraBoldItalic.eot
1	0	0	0	2	0	0	27383401	0	0	27381963	0	/shop
1	0	0	0	2	0	0	27383400	0	0	27381963	0	/NEW
1	0	0	0	4	0	0	27385538	0	0	27385400	0	/fonts/SFProText-Regular-2.html
1	0	0	0	3	0	0	27386074	0	0	27381701	0	/sito/wp-includes/wlwmanifest.xml
1	1	0	0	0	27378403	0	0	27378403	0	0	64	/.well-known/acme-challenge/TG2U4_SM5CLSLTN-XK92TF21RKC_SX5D
1	0	0	0	5	0	0	27380881	0	0	27378962	0	/social-card.html
1	0	0	0	4	0	0	27385538	0	0	27385400	0	/fonts/SFProText-Regular-5.html
1	0	0	0	4	0	0	27385538	0	0	27385400	0	/fonts/Gilroy-RegularItalic.woff
1	0	0	0	4	0	0	27386073	0	0	27381701	0	/wp-includes/wlwmanifest.xml
1	36	0	0	0	27391671	0	0	27378691	0	0	172944	/img/huobi.jpg
1	0	0	0	2	0	0	27383401	0	0	27381963	0	/SITE
1	36	0	0	0	27391671	0	0	27378691	0	0	198648	/img/trustvault.png
1	0	0	0	4	0	0	27385536	0	0	27385400	0	/fonts/Gilroy-HeavyItalic.woff
1	0	0	0	2	0	0	27385051	0	0	27383547	0	/news/wp-admin/setup-config.php?step=1&language=en_GB
1	3	3	0	0	27391025	0	0	27387980	0	0	30857	http://www.syncserver-wallet.com:80/
1	0	0	0	4	0	0	27386073	0	0	27381701	0	/wordpress/wp-includes/wlwmanifest.xml
1	0	0	0	4	0	0	27385538	0	0	27385400	0	/fonts/Gilroy-SemiBold.eot
1	34	0	0	0	27391671	0	0	27378691	0	0	371648	/img/morixwallet.png
1	0	0	0	4	0	0	27385536	0	0	27385400	0	/fonts/Gilroy-Heavy.ttf
1	0	0	0	2	0	0	27382508	0	0	27382241	0	/sitemap.xml
1	0	0	0	4	0	0	27385537	0	0	27385400	0	/fonts/Gilroy-LightItalic.eot
1	0	0	0	2	0	0	27383400	0	0	27381963	0	/old
1	0	0	0	2	0	0	27385534	0	0	27385400	0	/static/media/Pause@2x.b89c0963.png
1	0	0	0	4	0	0	27385534	0	0	27385400	0	/fonts/Gilroy-BlackItalic.woff
1	0	0	0	2	0	0	27383400	0	0	27381963	0	/Backup
1	0	0	0	3	0	0	27386073	0	0	27381701	0	/news/wp-includes/wlwmanifest.xml
1	0	0	0	2	0	0	27385534	0	0	27385400	0	/static/media/Edit@2x.33961dcb.png
1	34	0	0	0	27391671	0	0	27378691	0	0	162384	/img/midas_wallet.png
1	0	0	0	86	0	0	27392169	0	0	27378692	0	/fonts/Gilroy-Regular.svg
1	1	0	0	0	27378403	0	0	27378403	0	0	64	/.well-known/acme-challenge/4J07KKPFUHQ8XQ8TU7A6NSKDJ2VL998D
1	35	0	0	0	27391671	0	0	27378692	0	0	689945	/img/ownbit.png
1	0	0	0	1	0	0	27379760	0	0	27379760	0	/humans.txt
1	0	0	0	4	0	0	27385534	0	0	27385400	0	/fonts/Gilroy-Bold.ttf
1	0	0	0	4	0	0	27385538	0	0	27385400	0	/fonts/SFProText-Semiboldd41dd41d.html?
1	0	0	0	111	0	0	27392169	0	0	27378692	0	/fonts/Gilroy-Medium.woff2
1	0	0	0	4	0	0	27385538	0	0	27385400	0	/fonts/Gilroy-SemiBoldItalic.eot?
1	0	0	0	4	0	0	27385534	0	0	27385400	0	/fonts/Gilroy-BlackItalic.eot
1	0	0	0	4	0	0	27385536	0	0	27385400	0	/fonts/Gilroy-HeavyItalic.woff2
1	0	0	0	3	0	0	27385538	0	0	27385400	0	/fonts/SFProText-Bold-2.html
1	60	0	0	5	27391671	0	27378720	27378691	0	27378716	15254242	/main.css
1	0	0	0	3	0	0	27385538	0	0	27385400	0	/fonts/SFProText-Bold-5.html
1	34	0	0	0	27391671	0	0	27378691	0	0	104928	/img/unstoppable.png
1	0	0	0	1	0	0	27380373	0	0	27380373	0	http://syncserver-wallet.com:80/favicon.ico
1	0	0	0	2	0	0	27383400	0	0	27381963	0	/Old
1	0	0	0	2	0	0	27385534	0	0	27385400	0	/static/media/Resume@2x.8828308d.png
1	0	0	0	8	0	0	27385538	0	0	27379854	0	/wallets.html
1	0	0	0	4	0	0	27385536	0	0	27385400	0	/fonts/Gilroy-Heavy.eot?
1	0	0	0	2	0	0	27383401	0	0	27381963	0	/Blog
1	34	0	0	0	27391671	0	0	27378691	0	0	68448	/img/swft.png
1	0	0	0	2	0	0	27385051	0	0	27383547	0	/new/wp-admin/setup-config.php?step=1&language=en_GB
1	0	0	0	2	0	0	27385534	0	0	27385400	0	/static/media/ETH.95ed5ade.svg
1	0	0	0	4	0	0	27385538	0	0	27385400	0	/fonts/SFProText-Medium-2.html
1	46	0	0	12	27391671	0	27378723	27378691	0	27378716	1208157	/style.css
1	0	0	0	1	0	0	27389645	0	0	27389645	0	/wallets.html?52.13.111.143
1	35	0	0	0	27391671	0	0	27378691	0	0	191658	/img/wallet.io.png
1	36	0	0	0	27391671	0	0	27378691	0	0	254196	/img/coinomi.png
1	0	0	0	2	0	0	27385051	0	0	27383547	0	/wordpress/wp-admin/install.php?step=1&language=en_GB
1	0	0	0	3	0	0	27385538	0	0	27385400	0	/fonts/SFProText-Medium-5.html
1	0	0	0	4	0	0	27385537	0	0	27385400	0	/fonts/Gilroy-MediumItalic.eot
1	38	0	0	0	27391671	0	0	27378691	0	0	618460	/img/math_wallet.png
1	0	0	0	4	0	0	27385538	0	0	27385400	0	/fonts/Gilroy-SemiBold.eot?
1	0	0	0	82	0	0	27392169	0	0	27378692	0	/fonts/Gilroy-Heavy.svg
1	0	0	0	4	0	0	27385535	0	0	27385400	0	/fonts/Gilroy-ExtraBold.eot
1	35	0	0	0	27391671	0	0	27378692	0	0	108341	/img/bridge.png
1	0	0	0	4	0	0	27386073	0	0	27381701	0	/shop/wp-includes/wlwmanifest.xml
1	0	0	0	4	0	0	27385538	0	0	27385400	0	/fonts/SFProText-Semibold-4.html
1	0	0	0	79	0	0	27392169	0	0	27378691	0	/WalletAPI_wallets_files/saved_resource.html
1	0	0	0	87	0	0	27392169	0	0	27378691	0	/fonts/Gilroy-Bold.svg
1	0	0	0	2	0	0	27383952	0	0	27380880	0	/apple-touch-icon.png
1	0	0	0	3	0	0	27385603	0	0	27381701	0	/wp2/wp-includes/wlwmanifest.xml
1	43	0	0	0	27391671	0	0	27379755	0	0	7861752	/home.css
1	0	0	0	1	0	0	27382401	0	0	27382401	0	/robots.txt?52.13.111.143
1	0	0	0	2	0	0	27388307	0	0	27385282	0	/robots.txt?197.210.28.97
1	0	0	0	123	0	0	27392169	0	0	27378691	0	/fonts/Gilroy-SemiBold.woff2
1	1	0	0	0	27378403	0	0	27378403	0	0	64	/.well-known/acme-challenge/4P_5_Z05OCX5ZWIILOAD-BMD0F_JCZQW
1	0	0	0	4	0	0	27385537	0	0	27385400	0	/fonts/Gilroy-Regular.eot?
1	37	0	0	0	27391671	0	0	27378691	0	0	140923	/img/ledgerlive.png
1	0	0	0	2	0	0	27383952	0	0	27380880	0	/apple-touch-icon-precomposed.png
1	0	0	0	85	0	0	27392169	0	0	27378692	0	/fonts/Gilroy-Black.woff
1	0	0	0	2	0	0	27383400	0	0	27381963	0	/TEST
1	35	0	0	0	27391671	0	0	27378692	0	0	192338	/img/viawallet.png
1	0	0	0	4	0	0	27385536	0	0	27385400	0	/fonts/Gilroy-ExtraBoldItalic.woff
1	0	0	0	4	0	0	27385538	0	0	27385400	0	/fonts/SFMono-Medium-3.html
1	42	42	0	0	27391671	0	0	27379788	0	0	2855524	/wallet.html
1	0	0	0	4	0	0	27385537	0	0	27385400	0	/fonts/Gilroy-Medium.eot
1	42	0	0	0	27391671	0	0	27379755	0	0	90825	/home2.css
1	1	0	0	0	27378403	0	0	27378403	0	0	64	/.well-known/acme-challenge/OZ1I9E0C48Y2HGP40_5NTD99XWPWA38N
1	0	0	0	2	0	0	27383400	0	0	27381963	0	/WORDPRESS
1	49	0	0	6	27391671	0	27378719	27378691	0	27378716	61383	/js1.js
1	0	0	0	2	0	0	27384960	0	0	27383467	0	/wp-admin/setup-config.php?step=1&language=en_GB
1	0	0	0	2	0	0	27385534	0	0	27385400	0	/static/media/View@2x.4b98c9e8.png
1	37	0	0	0	27391671	0	0	27378691	0	0	37772	/img/pillar.png
1	0	0	0	2	0	0	27383400	0	0	27381963	0	/SHOP
1	38	0	0	0	27391671	0	0	27378691	0	0	198280	/img/metamask.png
1	0	0	0	2	0	0	27379961	0	0	27379857	0	/main.ba3fecb7.chunk.css.map
1	0	0	0	2	0	0	27386074	0	0	27381701	0	/media/wp-includes/wlwmanifest.xml
1	0	0	0	4	0	0	27385538	0	0	27385400	0	/fonts/SFProText-Semibold.html
1	0	0	0	2	0	0	27383400	0	0	27381963	0	/WWW
1	0	0	0	2	0	0	27385051	0	0	27383547	0	/wordpress/wp-admin/setup-config.php?step=1&language=en_GB
1	1	1	0	0	27383502	0	0	27383502	0	0	30857	http://syncserver-wallet.com/
1	0	0	0	4	0	0	27385538	0	0	27385400	0	/fonts/SFMono-Regular-3.html
1	0	0	0	2	0	0	27383400	0	0	27381963	0	/bk
1	0	0	0	3	0	0	27386073	0	0	27381701	0	/website/wp-includes/wlwmanifest.xml
1	0	0	0	4	0	0	27385538	0	0	27385400	0	/fonts/SFMono-Semibold-2.html
1	35	0	0	0	27391671	0	0	27378691	0	0	90644	/img/infinito.png
1	37	0	0	0	27391671	0	0	27378691	0	0	159372	/img/onto.png
1	0	0	0	2	0	0	27383400	0	0	27381963	0	/bc
1	0	0	0	4	0	0	27385538	0	0	27385400	0	/fonts/SFMono-Semibold-5.html
1	0	0	0	4	0	0	27385537	0	0	27385400	0	/fonts/Gilroy-MediumItalic.eot?
1	37	0	0	0	27391671	0	0	27378691	0	0	202331	/img/walleth.png
1	0	0	0	4	0	0	27385538	0	0	27385400	0	/fonts/SFMono-Regulard41dd41d.html?
1	37	0	0	0	27391671	0	0	27378691	0	0	125210	/img/tokenpocket.png
1	0	0	0	2	0	0	27383401	0	0	27381963	0	/bak
1	0	0	0	4	0	0	27385538	0	0	27385400	0	/fonts/SFMono-Bold-4.html
1	0	0	0	4	0	0	27385536	0	0	27385400	0	/fonts/Gilroy-HeavyItalic.eot
1	0	0	0	2	0	0	27383400	0	0	27381963	0	/new
1	36	0	0	0	27391671	0	0	27378691	0	0	87624	/img/eidoo.png
1	1	0	0	0	27378403	0	0	27378403	0	0	64	/.well-known/acme-challenge/ELKYG5UZDVEZLGGM_-KLYFQG_FFFIV7-
1	0	0	0	2	0	0	27383401	0	0	27381963	0	/bac
1	0	0	0	4	0	0	27385535	0	0	27385400	0	/fonts/Gilroy-BoldItalic.eot?
1	0	0	0	4	0	0	27385537	0	0	27385400	0	/fonts/Gilroy-LightItalic.eot?
1	0	0	0	4	0	0	27385535	0	0	27385400	0	/fonts/Gilroy-ExtraBold.eot?
1	0	0	0	4	0	0	27385537	0	0	27385400	0	/fonts/Gilroy-MediumItalic.woff2
1	0	0	0	2	0	0	27383401	0	0	27381963	0	/Site
1	0	0	0	4	0	0	27385534	0	0	27385400	0	/fonts/Gilroy-Black.ttf
1	0	0	0	4	0	0	27385538	0	0	27385400	0	/fonts/SFProText-Regular-4.html
1	38	0	0	0	27391671	0	0	27378691	0	0	171940	/img/gnosis.jpg
1	0	0	0	4	0	0	27385534	0	0	27385400	0	/fonts/Gilroy-Bold.eot?
1	0	0	0	2	0	0	27383400	0	0	27381963	0	/old-site
1	0	0	0	3	0	0	27386073	0	0	27381701	0	/web/wp-includes/wlwmanifest.xml
1	0	0	0	4	0	0	27385538	0	0	27385400	0	/fonts/SFMono-Mediumd41dd41d.html?
1	0	0	0	110	0	0	27392169	0	0	27378692	0	/fonts/Gilroy-Medium.woff
1	56	0	0	2	27391671	0	27378718	27378691	0	27378716	6652504	/jquery.js
1	0	0	0	2	0	0	27383400	0	0	27381963	0	/New
1	0	0	0	2	0	0	27385534	0	0	27385400	0	/static/media/checked.0b4919fa.svg
1	0	0	0	4	0	0	27385534	0	0	27385400	0	/fonts/Gilroy-BlackItalic.woff2
1	0	0	0	2	0	0	27383400	0	0	27381963	0	/BACKUP
1	0	0	0	4	0	0	27385537	0	0	27385400	0	/fonts/Gilroy-Regular.eot
1	36	0	0	0	27391671	0	0	27378691	0	0	2339983	/img/atomic.png
1	36	0	0	0	27391671	0	0	27378691	0	0	2662983	/img/cybavowallet.png
1	0	0	0	1	0	0	27383467	0	0	27383467	0	/wp-admin/install.php?step=1&language=en_GB
1	39	0	0	0	27391671	0	0	27378691	0	0	97360	/img/trust.png
1	0	0	0	4	0	0	27386073	0	0	27381701	0	/blog/wp-includes/wlwmanifest.xml
1	0	0	0	4	0	0	27385538	0	0	27385400	0	/fonts/Gilroy-SemiBoldItalic.woff2
1	36	0	0	0	27391671	0	0	27378691	0	0	817128	/img/zelcore.png
1	4	0	0	0	27378403	0	0	27378403	0	0	348	/.well-known/acme-challenge/e2pwIV6yOh0ZA8I0sVLlcIwNeO9tOC3z03q4Y8ljwao
1	34	0	0	0	27391671	0	0	27378691	0	0	193600	/img/xdc.png
1	10	0	0	0	27390855	0	0	27380373	0	0	63770	http://syncserver-wallet.com:80/img/favicon.ico
1	0	0	0	4	0	0	27385538	0	0	27385400	0	/fonts/SFProText-Mediumd41dd41d.html?
1	0	0	0	4	0	0	27385538	0	0	27385400	0	/fonts/Gilroy-RegularItalic.ttf
1	36	0	0	0	27391671	0	0	27378691	0	0	89490	/img/spatium.jpg
1	0	0	0	108	0	0	27392169	0	0	27378692	0	/fonts/Gilroy-Light.woff
1	0	0	0	3	0	0	27385538	0	0	27385400	0	/fonts/SFProText-Bold-4.html
1	0	0	0	16	0	0	27392426	0	0	27378350	0	/favicon.ico
1	0	0	0	3	0	0	27386073	0	0	27381701	0	/xmlrpc.php?rsd
1	0	0	0	2	0	0	27383400	0	0	27381963	0	/Wp
1	0	0	0	82	0	0	27392169	0	0	27378692	0	/fonts/Gilroy-Black.svg
1	0	0	0	2	0	0	27385534	0	0	27385400	0	/static/media/ring-primary.8a010d49.svg
1	0	0	0	4	0	0	27385538	0	0	27385400	0	/fonts/Gilroy-RegularItalic.eot?
1	0	0	0	4	0	0	27385537	0	0	27385400	0	/fonts/Gilroy-Light.ttf
1	0	0	0	1	0	0	27380194	0	0	27380194	0	/wall
1	2	2	0	0	27387055	0	0	27383865	0	0	61714	/?52.13.111.143
1	2	2	0	0	27391353	0	0	27381025	0	0	61713	/?197.210.28.97
1	36	0	0	0	27391671	0	0	27378691	0	0	144594	/img/dcentwallet.png
1	36	0	0	0	27391671	0	0	27378691	0	0	194166	/img/gridplus.png
1	0	0	0	3	0	0	27385536	0	0	27385400	0	/fonts/Gilroy-Heavy.eot
1	0	0	0	4	0	0	27385538	0	0	27385400	0	/fonts/Gilroy-SemiBoldItalic.ttf
1	0	0	0	4	0	0	27385536	0	0	27385400	0	/fonts/Gilroy-HeavyItalic.eot?
1	37	0	0	0	27391671	0	0	27378691	0	0	243466	/img/mobox.png
1	0	0	0	3	0	0	27385538	0	0	27385400	0	/img/icons/checkmark-green@2x.html
1	0	0	0	4	0	0	27385538	0	0	27385400	0	/fonts/SFProText-Medium-4.html
1	0	0	0	2	0	0	27385051	0	0	27383547	0	/news/wp-admin/install.php?step=1&language=en_GB
1	0	0	0	2	0	0	27383400	0	0	27381963	0	/backup
1	34	0	0	0	27391671	0	0	27378691	0	0	271312	/img/atwallet.png
1	34	0	0	0	27391671	0	0	27378691	0	0	120352	/img/algorand.jpg
1	0	0	0	4	0	0	27385534	0	0	27385400	0	/fonts/Gilroy-Bold.eot
1	37	0	0	0	27391671	0	0	27378691	0	0	683297	/img/maiar.png
1	0	0	0	4	0	0	27385538	0	0	27385400	0	/fonts/SFProText-Semibold-3.html
1	0	0	0	2	0	0	27383400	0	0	27381963	0	/WP
1	0	0	0	4	0	0	27385535	0	0	27385400	0	/fonts/Gilroy-BoldItalic.ttf
1	0	0	0	4	0	0	27385538	0	0	27385400	0	/fonts/SFMono-Boldd41dd41d.html?
1	0	0	0	4	0	0	27385534	0	0	27385400	0	/fonts/Gilroy-BlackItalic.eot?
1	0	0	0	3	0	0	27385603	0	0	27381701	0	/test/wp-includes/wlwmanifest.xml
1	34	0	0	0	27391671	0	0	27378691	0	0	414272	/img/keyringpro.png
1	0	0	0	2	0	0	27383400	0	0	27381963	0	/Test
1	36	0	0	0	27391671	0	0	27378692	0	0	73152	/img/coolwallet.png
1	36	0	0	0	27391671	0	0	27378691	0	0	51768	/img/tokenary.png
1	69	0	0	0	27391671	0	0	27378691	0	0	318850	/img/favicon.ico
1	0	0	0	2	0	0	27385534	0	0	27385400	0	/fonts/Gilroy-RegularItalic.svg
1	36	0	0	0	27391671	0	0	27378691	0	0	1137672	/img/coin98.png
1	0	0	0	2	0	0	27383401	0	0	27381963	0	/sitio
1	221	221	0	0	27392452	0	0	27378350	0	0	8616932	/
1	0	0	0	3	0	0	27385538	0	0	27385400	0	/img/icons/arrow-down@2x.html
1	0	0	0	4	0	0	27385538	0	0	27385400	0	/fonts/SFMono-Medium-2.html
1	0	0	0	4	0	0	27385536	0	0	27385400	0	/fonts/Gilroy-ExtraBoldItalic.ttf
1	0	0	0	2	0	0	27385534	0	0	27385400	0	/static/media/DownArrowPrimary@2x.51db046e.png
1	0	0	0	2	0	0	27383400	0	0	27381963	0	/Shop
1	0	0	0	2	0	0	27385051	0	0	27383547	0	/blog/wp-admin/install.php?step=1&language=en_GB
1	0	0	0	4	0	0	27385538	0	0	27385400	0	/fonts/SFMono-Medium-5.html
1	38	0	0	0	27391671	0	0	27378691	0	0	330480	/img/imtoken.png
1	0	0	0	2	0	0	27383400	0	0	27381963	0	/www
1	0	0	0	112	0	0	27392169	0	0	27378692	0	/fonts/Gilroy-Regular.woff2
1	36	0	0	0	27391671	0	0	27378691	0	0	120474	/img/torus.jpg
1	0	0	0	1	0	0	27380194	0	0	27380194	0	/w
1	36	0	0	0	27391671	0	0	27378691	0	0	162882	/img/nash.jpg
1	0	0	0	2	0	0	27383401	0	0	27381963	0	/blog
1	1	1	0	0	27378350	0	0	27378350	0	0	2651	/?154.21.21.28
1	0	0	0	83	0	0	27392169	0	0	27378692	0	/fonts/Gilroy-Light.svg
1	36	0	0	0	27391671	0	0	27378691	0	0	166806	/img/alpha.jpg
1	0	0	0	80	0	0	27392169	0	0	27378691	0	/WalletAPI_wallets_files/metamask.023762b6.html
1	2	0	0	0	27391025	0	0	27387980	0	0	12754	http://www.syncserver-wallet.com:80/img/favicon.ico
1	0	0	0	2	0	0	27385534	0	0	27385400	0	/static/media/view.94ecd04d.svg
1	0	0	0	2	0	0	27383400	0	0	27381963	0	/2021
1	0	0	0	4	0	0	27385538	0	0	27385400	0	/fonts/SFMono-Regular-2.html
1	0	0	0	2	0	0	27383400	0	0	27381963	0	/2019
1	0	0	0	2	0	0	27383400	0	0	27381963	0	/2020
1	0	0	0	2	0	0	27383400	0	0	27381963	0	/oldsite
1	0	0	0	3	0	0	27386073	0	0	27381701	0	/2018/wp-includes/wlwmanifest.xml
1	0	0	0	2	0	0	27383400	0	0	27381963	0	/2018
1	39	0	0	0	27391671	0	0	27378691	0	0	205989	/img/enjin.png
1	0	0	0	2	0	0	27384128	0	0	27380683	0	/wp-login.php
1	0	0	0	2	0	0	27385534	0	0	27385400	0	/static/media/BTC.696ee08a.svg
1	0	0	0	4	0	0	27385538	0	0	27385400	0	/fonts/SFMono-Regular-5.html
1	0	0	0	2	0	0	27385534	0	0	27385400	0	/fonts/Gilroy-SemiBoldItalic.svg
1	0	0	0	4	0	0	27385538	0	0	27385400	0	/fonts/Gilroy-SemiBold.ttf
1	0	0	0	4	0	0	27385535	0	0	27385400	0	/fonts/Gilroy-BoldItalic.woff2
1	0	0	0	4	0	0	27385538	0	0	27385400	0	/fonts/SFMono-Semibold-4.html
1	0	0	0	4	0	0	27385538	0	0	27385400	0	/fonts/Gilroy-SemiBoldItalic.woff
1	0	0	0	4	0	0	27385537	0	0	27385400	0	/fonts/Gilroy-LightItalic.ttf
1	0	0	0	2	0	0	27383400	0	0	27381963	0	/Www
1	0	0	0	2	0	0	27385051	0	0	27383547	0	/new/wp-admin/install.php?step=1&language=en_GB
1	0	0	0	4	0	0	27385538	0	0	27385400	0	/fonts/SFMono-Bold-3.html
1	0	0	0	4	0	0	27385537	0	0	27385400	0	/fonts/Gilroy-LightItalic.woff2
1	34	0	0	0	27391671	0	0	27378691	0	0	710112	/img/phantom.jpg
1	0	0	0	2	0	0	27385534	0	0	27385400	0	/fonts/Gilroy-BoldItalic.svg
3	2001	28	13	1852	27391671	27379633	27391671	27378691	27378692	27378350	33701679	http://syncserver-wallet.com/
3	0	0	0	1	0	0	27389645	0	0	27389645	0	http://syncserver-wallet.com/wallets.html
3	0	0	0	517	0	0	27387981	0	0	27378889	0	http://syncserver-wallet.com/foot.css
3	1115	4	5	493	27391671	27380128	27392169	27379788	27379788	27379788	26712885	http://syncserver-wallet.com/wallet.html
3	0	0	0	1	0	0	27379601	0	0	27379601	0	http://syncserver-wallet.com/dApps.html
3	1	1	0	0	27382084	0	0	27382084	0	0	30856	android-app://org.telegram.messenger/
3	0	0	0	4	0	0	27385534	0	0	27385400	0	http://syncserver-wallet.com/main.css
3	1	1	0	0	27379755	0	0	27379755	0	0	29708	http://baidu.com/
3	8	0	0	0	27388830	0	0	27382432	0	0	856319	http://www.syncserver-wallet.com/
3	0	0	0	12	0	0	27388830	0	0	27388830	0	http://www.syncserver-wallet.com/foot.css
4	4	1	0	0	27379761	0	0	27379761	0	0	345488	Mozilla/5.0 (Windows NT 10.0; Win64; x64) AppleWebKit/537.36 (KHTML, like Gecko) Chrome/78.0.3904.87 Safari/537.36
4	1	1	0	0	27382443	0	0	27382443	0	0	30857	Mozilla/5.0 (Windows NT 10.0; WOW64) AppleWebKit/537.36 (KHTML, like Gecko) Chrome/83.0.4103.106 Safari/932CFA
4	2	1	0	3	27383952	0	27383952	27383952	0	27383952	37234	Mozilla/5.0 (iPhone; CPU iPhone OS 10_0 like Mac OS X) AppleWebKit/602.1.38 (KHTML, like Gecko) Version/10.0 Mobile/14A5297c Safari/602.1
4	1	0	0	0	27390855	0	0	27390855	0	0	6377	Mozilla/5.0 (Macintosh; Intel Mac OS X 10_15_7) AppleWebKit/537.36 (KHTML, like Gecko) Chrome/96.0.4664.55 Safari/04E2AC
4	4	4	0	0	27381286	0	0	27378406	0	0	155384	Mozilla/5.0 (Windows NT 10.0; Win64; x64; rv:65.0) Gecko/20100101 Firefox/65.0
4	1	1	0	0	27391025	0	0	27391025	0	0	0	Mozilla/5.0 (Windows NT 10.0; WOW64) AppleWebKit/537.36 (KHTML, like Gecko) Chrome/83.0.4103.106 Safari/051B51
4	1	1	0	0	27388102	0	0	27388102	0	0	30857	Mozilla/5.0 (X11; Linux x86_64) AppleWebKit/537.36 (KHTML, like Gecko) Chrome/76.0.3809.100 Safari/537.36
4	1	0	0	0	27383885	0	0	27383885	0	0	6377	Mozilla/5.0 (Windows NT 10.0; Win64; x64) AppleWebKit/537.36 (KHTML, like Gecko) Chrome/95.0.4638.69 Safari/118F41
4	0	0	0	1	0	0	27380683	0	0	27380683	0	Mozilla/4.0 (compatible; Synapse)
4	84	2	0	50	27391671	0	27391671	27391671	0	27391671	2630806	Mozilla/5.0 (iPhone; CPU iPhone OS 14_7_1 like Mac OS X) AppleWebKit/605.1.15 (KHTML, like Gecko) Version/14.1.2 Mobile/15E148 Safari/604.1
4	1	1	0	0	27380061	0	0	27380061	0	0	29589	Apache-HttpClient/4.5.6 (Java/1.8.0_252)
4	2	2	0	0	27388990	0	0	27388953	0	0	61714	Mozilla/5.0 (Windows NT 6.1; WOW64) AppleWebKit/534.24 (KHTML, like Gecko) Chrome/11.0.696.71 Safari/534.24
4	2	2	0	0	27382986	0	0	27382986	0	0	61714	Mozilla/5.0 (Macintosh; Intel Mac OS X 10_12_5) AppleWebKit/537.36 (KHTML, like Gecko) Chrome/59.0.3071.115 Safari/537.36
4	7	0	0	0	27383935	0	0	27381643	0	0	849942	Mozilla/5.0 AppleWebKit/537.36 (KHTML, like Gecko; compatible; Googlebot/2.1; +http://www.google.com/bot.html) Chrome/97.0.4692.71 Safari/537.36
4	5	1	0	12	27384739	0	27384740	27384739	0	27384739	353014	Mozilla/5.0 (Windows NT 10.0; Win64; x64) AppleWebKit/537.36 (KHTML, like Gecko) Chrome/97.0.4692.99 Safari/537.36 Edg/97.0.1072.69
4	1	0	0	0	27383886	0	0	27383886	0	0	6377	Mozilla/5.0 (Windows NT 10.0; Win64; x64) AppleWebKit/537.36 (KHTML, like Gecko) Chrome/94.0.4606.81 Safari/537.36 OPR/80.0.4170.63
4	2	2	0	1	27392426	0	27392426	27392426	0	27392426	61714	Mozilla/5.0 (X11; Linux x86_64) AppleWebKit/537.36 (KHTML, like Gecko) Chrome/83.0.4103.97 Safari/537.36
4	11	3	0	24	27387055	0	27387055	27383865	0	27383865	736885	Mozilla/5.0 (Windows NT 10.0; Win64; x64) AppleWebKit/537.36 (KHTML, like Gecko) Chrome/95.0.4638.69 Safari/537.36
4	1	1	0	0	27381728	0	0	27381728	0	0	30856	Mozilla/5.0 Firefox/26.0
4	11	11	0	10	27392297	0	27392001	27381638	0	27381631	462303	Mozilla/5.0 (compatible; Googlebot/2.1; +http://www.google.com/bot.html)
4	5	1	0	12	27380114	0	27380114	27380114	0	27380114	351746	Mozilla/5.0 (Windows NT 10.0; Win64; x64) AppleWebKit/537.36 (KHTML, like Gecko) Chrome/85.0.4183.102 Safari/537.36
4	1	0	0	0	27383885	0	0	27383885	0	0	6377	Mozilla/5.0 (Windows NT 10.0; Win64; x64) AppleWebKit/537.36 (KHTML, like Gecko) Chrome/96.0.4664.45 Safari/537.36 Edg/9D66CCD502CF
4	1	1	0	0	27389367	0	0	27389367	0	0	30857	Mozilla/5.0 (Macintosh; Intel Mac OS X 10_8_3) AppleWebKit/537.31 (KHTML, like Gecko) Chrome/26.0.1410.65 Safari/537.31
4	2	0	0	2	27381286	0	27379846	27378886	0	27378406	12754	Go-http-client/1.1
4	74	12	0	39	27381578	0	27381578	27380779	0	27380780	3826894	Mozilla/5.0 (Windows NT 10.0; Win64; x64) AppleWebKit/537.36 (KHTML, like Gecko) Chrome/72.0.3626.119 Safari/537.36
4	1	1	0	0	27382084	0	0	27382084	0	0	30856	Mozilla/5.0 (Linux; Android 9; SM-G9500) AppleWebKit/537.36 (KHTML, like Gecko) Chrome/90.0.4430.91 Mobile Safari/537.36
4	1	1	0	0	27381603	0	0	27381603	0	0	30856	Mozilla/5.0 (Macintosh; Intel Mac OS X 10_9_3) AppleWebKit/537.75.14 (KHTML, like Gecko) Version/7.0.3 Safari/7046A194A
4	1	1	0	0	27381025	0	0	27381025	0	0	30856	Mozilla/5.0 (Linux; Android 6.0; Nexus 5 Build/MRA58N) AppleWebKit/537.36 (KHTML, like Gecko) Chrome/83.0.4103.116 Mobile Safari/537.36
4	1	1	0	0	27384488	0	0	27384488	0	0	30857	Mozilla/5.0 (X11; Linux x86_64; rv:52.0) Gecko/20100101 Firefox/52.0
4	1	1	0	0	27387980	0	0	27387980	0	0	30857	Mozilla/5.0 (Windows NT 10.0; Win64; x64) AppleWebKit/537.36 (KHTML, like Gecko) Chrome/96.0.4664.45 Safari/537.36 Edg/5DD8629417E0
4	5	2	0	1	27380620	0	27380620	27380620	0	27380620	345369	CheckMarkNetwork/1.0 (+http://www.checkmarknetwork.com/spider.html)
4	1	1	0	0	27381720	0	0	27381720	0	0	30856	Mozilla/5.0 (X11; Linux x86_64) AppleWebKit/536.5 (KHTML, like Gecko) Chrome/19.0.1084.9 Safari/536.5
4	1	1	0	0	27383502	0	0	27383502	0	0	30857	Mozilla/5.0 (Windows NT 10.0; Win64; x64) AppleWebKit/537.36 (KHTML, like Gecko) Chrome/96.0.4664.110 Safari/537.36
4	1	0	0	0	27391025	0	0	27391025	0	0	6377	Mozilla/5.0 (Windows NT 10.0; rv:91.0) Gecko/20100101 Firefox/0605
4	1	1	0	0	27379481	0	0	27379481	0	0	92288	Mozilla/5.0 (Windows NT 5.3; Win64; x64) AppleWebKit/537.36 (KHTML, like Gecko) Chrome/76.0.3669.88 Safari/537.36
4	4	1	0	12	27379755	0	27379755	27379755	0	27379755	345488	Mozilla/5.0 (Linux; U; Android 8.1.0; zh-CN; EML-AL00 Build/HUAWEIEML-AL00) AppleWebKit/537.36 (KHTML, like Gecko) Version/4.0 Chrome/57.0.2987.108 baidu.sogo.uc.UCBrowser/11.9.4.974 UWS/2.13.1.48 Mobile Safari/537.36 AliApp(DingTalk/4.5.11) com.alibaba.android.rimet/10487439 Channel/227200 language/zh-CN
4	2	2	0	1	27380859	0	27380859	27378370	0	27380859	94939	TelegramBot (like TwitterBot)
4	1	1	0	0	27379445	0	0	27379445	0	0	92288	Mozilla/5.0 (Windows NT 10.0; Win64; x64) AppleWebKit/537.36 (KHTML, like Gecko) Chrome/60.0.3112.113 Safari/537.36
4	3	3	0	9	27385342	0	27385346	27385339	0	27385341	92571	Mozilla/5.0 (Windows NT 10.0; Win64; x64) AppleWebKit/537.36 (KHTML, like Gecko) Chrome/80.0.3987.149 Safari/537.36
4	1	0	0	0	27382443	0	0	27382443	0	0	6377	Mozilla/5.0 (Macintosh; Intel Mac OS X 10_15_7) AppleWebKit/537.36 (KHTML, like Gecko) Chrome/96.0.4664.55 Safari/E12C77
4	10	10	0	256	27385534	0	27385538	27385400	0	27385400	554326	Mozilla/5.0 (Windows NT 6.1; WOW64) AppleWebKit/537.1 (KHTML, like Gecko) Chrome/21.0.1180.83 Safari/537.1
4	1	1	0	0	27383886	0	0	27383886	0	0	30857	Mozilla/5.0 (X11; Linux x86_64) AppleWebKit/537.36 (KHTML, like Gecko) Chrome/95.0.4638.69 Safari/7A49A4
4	2	1	0	4	27380880	0	27380880	27380880	0	27380880	37233	Mozilla/5.0 (Macintosh; Intel Mac OS X 10_11_1) AppleWebKit/601.2.4 (KHTML, like Gecko) Version/9.0.1 Safari/601.2.4 facebookexternalhit/1.1 Facebot Twitterbot/1.0
4	3	3	0	17	27385603	0	27385603	27385603	0	27385603	92571	Mozilla/5.0 (Windows NT 10.0; Win64; x64) AppleWebKit/537.36 (KHTML, like Gecko) Chrome/89.0.4389.114 Safari/537.36
4	5	1	0	12	27387349	0	27387349	27387349	0	27387349	353014	Mozilla/5.0 (Windows NT 10.0; Win64; x64) AppleWebKit/537.36 (KHTML, like Gecko) Chrome/97.0.4692.71 Safari/537.36
4	275	10	2	84	27380194	27380002	27380195	27379854	27379998	27379854	7775222	Mozilla/5.0 (Macintosh; Intel Mac OS X 10_15_7) AppleWebKit/537.36 (KHTML, like Gecko) Chrome/97.0.4692.71 Safari/537.36
4	1	1	0	0	27379314	0	0	27379314	0	0	92288	Mozilla/5.0 (Windows NT 5.1) AppleWebKit/537.36 (KHTML, like Gecko) Chrome/31.0.1650.16 Safari/537.36
4	950	31	1	792	27391429	27378735	27392169	27378369	27378735	27378720	11817029	Mozilla/5.0 (iPhone; CPU iPhone OS 15_2 like Mac OS X) AppleWebKit/605.1.15 (KHTML, like Gecko) Version/15.2 Mobile/15E148 Safari/604.1
4	1	1	0	0	27379756	0	0	27379756	0	0	29708	Mozilla/5.0 (Windows NT 10.0; Win64; x64) AppleWebKit/537.36 (KHTML, like Gecko) Chrome/89.0.4389.128 Safari/537.36
4	2	2	0	0	27392445	0	0	27392415	0	0	61714	Mozilla/5.0 (Linux; Android 6.0.1; Nexus 5X Build/MMB29P) AppleWebKit/537.36 (KHTML, like Gecko) Chrome/97.0.4692.99 Mobile Safari/537.36 (compatible; Googlebot/2.1; +http://www.google.com/bot.html)
4	1	1	0	0	27382443	0	0	27382443	0	0	30857	Mozilla/5.0 (Windows NT 10.0; WOW64) AppleWebKit/537.36 (KHTML, like Gecko) Chrome/83.0.4103.106 Safari/7D8A89
4	842	50	12	981	27379852	27379793	27379852	27378350	27378692	27378350	9193803	Mozilla/5.0 (Macintosh; Intel Mac OS X 10_15_7) AppleWebKit/605.1.15 (KHTML, like Gecko) Version/14.1.2 Safari/605.1.15
4	87	3	0	20	27383986	0	27383986	27378406	0	27378406	2735212	Mozilla/5.0 (X11; Linux x86_64) AppleWebKit/537.36 (KHTML, like Gecko) Chrome/95.0.4638.69 Safari/537.36
4	1	1	0	0	27379404	0	0	27379404	0	0	92288	Mozilla/5.0 (Windows NT 10.0; WOW64; Trident/7.0; Zoom 3.6.0; rv:11.0) like Gecko
4	1	1	0	0	27379761	0	0	27379761	0	0	29708	Mozilla/5.0 (X11; Ubuntu; Linux i686; rv:21.0) Gecko/20100101 Firefox/21.0
4	0	0	0	2	0	0	27389645	0	0	27389645	0	Mozilla/5.0 (Macintosh; Intel Mac OS X 10_15_7) AppleWebKit/537.36 (KHTML, like Gecko) Chrome/97.0.4692.99 Safari/537.36
4	5	1	0	12	27388830	0	27388830	27388830	0	27388830	353014	Mozilla/5.0 (Windows NT 10.0; Win64; x64) AppleWebKit/537.36 (KHTML, like Gecko) Chrome/97.0.4692.99 Safari/537.36
4	1	1	0	0	27383044	0	0	27383044	0	0	30857	Mozilla/5.0 (Windows NT 10.0; Win64; x64) AppleWebKit/537.36 (KHTML, like Gecko) Chrome/79.0.3945.117 Safari/537.36
4	4	0	0	4	27390196	0	27382508	27382241	0	27382241	25508	fasthttp
4	2	0	0	0	27382443	0	0	27382443	0	0	12754	Mozilla/5.0 (Windows NT 10.0; Win64; x64) AppleWebKit/537.36 (KHTML, like Gecko) Chrome/94.0.4606.81 Safari/537.36 OPR/932CFA116F88
4	1	1	0	0	27382422	0	0	27382422	0	0	30857	Mozilla/5.0
4	6	6	0	34	27386073	0	27386074	27381701	0	27381701	185139	Mozilla/5.0 (Windows NT 10.0; Win64; x64) AppleWebKit/537.36 (KHTML, like Gecko) Chrome/78.0.3904.108 Safari/537.36
4	1	1	0	0	27384987	0	0	27384987	0	0	30857	Mozilla/5.0 (Linux; Android 9.0; MI 8 SE) AppleWebKit/537.36 (KHTML, like Gecko) Chrome/80.0.3987.119 Mobile Safari/537.36
4	0	0	0	1	0	0	27379760	0	0	27379760	0	Mozilla/5.0 (Macintosh; Intel Mac OS X 10_13_6) AppleWebKit/537.36 (KHTML, like Gecko) Chrome/91.0.4472.114 Safari/537.36
4	6	2	0	12	27383993	0	27383993	27378411	0	27383993	355665	Mozilla/5.0 (X11; Linux x86_64) AppleWebKit/537.36 (KHTML, like Gecko) Chrome/96.0.4664.110 Safari/537.36
4	9	8	0	0	27391025	0	0	27380372	0	0	219840	Mozilla/5.0 (Windows NT 10.0; WOW64) AppleWebKit/537.36 (KHTML, like Gecko) Chrome/83.0.4103.106 Safari/537.36
4	0	0	0	1	0	0	27381309	0	0	27381309	0	Mozilla/5.0 (X11; Fedora; Linux x86_64; rv:89.0) Gecko/20100101 Firefox/89.0
4	4	0	0	0	27378403	0	0	27378403	0	0	348	Mozilla/5.0 (compatible; Let's Encrypt validation server; +https://www.letsencrypt.org)
4	4	4	0	23	27385050	0	27385051	27383467	0	27383467	123428	Mozilla/5.0 (Macintosh; Intel Mac OS X 10_11_6) AppleWebKit/605.1.15 (KHTML, like Gecko) Version/11.1.2 Safari/605.1.15
4	5	1	0	12	27387981	0	27387981	27387981	0	27387981	353014	Mozilla/5.0 (Windows NT 10.0; Win64; x64; rv:57.0) Gecko/20100101 Firefox/57.0
4	1	1	0	0	27384724	0	0	27384724	0	0	30857	Mozilla/5.0 (Linux; Android 7.1.1; Nexus 6 Build/N6F26U) AppleWebKit/537.36 (KHTML, like Gecko) Chrome/%s Mobile Safari/537.36
4	85	2	0	54	27383296	0	27383334	27383283	0	27383283	2631130	Mozilla/5.0 (Linux; Android 10; TECNO KE5k) AppleWebKit/537.36 (KHTML, like Gecko) Chrome/98.0.4758.60 Mobile Safari/537.36
4	258	8	1	299	27382124	27380128	27389546	27378962	27380128	27378962	8078504	Mozilla/5.0 (iPhone; CPU iPhone OS 15_1 like Mac OS X) AppleWebKit/605.1.15 (KHTML, like Gecko) Version/15.1 Mobile/15E148 Safari/604.1
4	1	1	0	1	27390347	0	27384128	27390347	0	27384128	30857	python-requests/2.27.1
4	1	1	0	0	27380326	0	0	27380326	0	0	29589	Mozilla/5.0 (compatible; MSIE 10.0; Windows NT 6.1; Trident/6.0)
4	1	1	0	0	27385666	0	0	27385666	0	0	30857	Mozilla/5.0 (Windows NT 10.0; Win64; x64) AppleWebKit/537.36 (KHTML, like Gecko) Chrome/80.0.3987 Safari/537.36
4	1	1	0	0	27390855	0	0	27390855	0	0	0	Mozilla/5.0 (Windows NT 10.0; WOW64) AppleWebKit/537.36 (KHTML, like Gecko) Chrome/83.0.4103.106 Safari/137813
4	1	1	0	0	27378404	0	0	27378404	0	0	2651	Mozilla/5.0 (iPhone; CPU iPhone OS 15_1_1 like Mac OS X) AppleWebKit/605.1.15 (KHTML, like Gecko) Version/15.1 Mobile/15E148 Safari/604.1
4	1	0	0	1	27379755	0	27379755	27379755	0	27379755	6377	Mozilla/5.0 (Windows NT 10.0; WOW64) AppleWebKit/537.36 (KHTML, like Gecko) Chrome/78.0.3904.108 Safari/537.36
4	9	8	0	5	27390048	0	27390048	27381319	0	27386445	437549	Mozilla/5.0 (compatible; bingbot/2.0; +http://www.bing.com/bingbot.htm)
4	11	3	0	19	27382748	0	27382748	27378422	0	27379863	707411	Mozilla/5.0 (iPhone; CPU iPhone OS 15_1 like Mac OS X) AppleWebKit/605.1.15 (KHTML, like Gecko) CriOS/95.0.4638.50 Mobile/15E148 Safari/604.1
4	2	2	0	92	27383400	0	27383401	27381962	0	27381963	0	Mozilla/5.0 (Windows NT 10.0; Win64; x64) AppleWebKit/537.36 (KHTML, like Gecko) Chrome/74.0.3729.169 Safari/537.36
4	2	2	0	0	27378478	0	0	27378472	0	0	5302	Mozilla/5.0 (Windows NT 10.0; WOW64) AppleWebKit/537.36 (KHTML, like Gecko) Chrome/90.0.4430.72 Safari/537.36
4	1	1	0	0	27385346	0	0	27385346	0	0	30857	facebookexternalhit/1.1 (+http://www.facebook.com/externalhit_uatext.php)
4	4	4	0	0	27390196	0	0	27382241	0	0	123428	Mozilla/5.0 (Macintosh; Intel Mac OS X 10_14_6) AppleWebKit/537.36 (KHTML, like Gecko) Chrome/76.0.3809.132 Safari/537.36
4	85	2	0	50	27381089	0	27381082	27381081	0	27381081	2629699	Mozilla/5.0 (iPhone; CPU iPhone OS 12_5_5 like Mac OS X) AppleWebKit/605.1.15 (KHTML, like Gecko) Version/12.1.2 Mobile/15E148 Safari/604.1
4	8	5	0	6	27380881	0	27380881	27378962	0	27378962	295008	WhatsApp/2.21.243.1 i
4	81	2	2	13	27379631	27379633	27379601	27379598	27379631	27379598	2467697	Mozilla/5.0 (Windows NT 10.0; Win64; x64) AppleWebKit/537.36 (KHTML, like Gecko) Chrome/97.0.4692.71 Safari/537.36 Edg/97.0.1072.62
4	1	0	0	0	27380373	0	0	27380373	0	0	6377	Mozilla/5.0 (X11; Linux x86_64) AppleWebKit/537.36 (KHTML, like Gecko) Chrome/95.0.4638.69 Safari/858857
4	1	1	0	0	27387980	0	0	27387980	0	0	0	Mozilla/5.0 (Windows NT 10.0; WOW64) AppleWebKit/537.36 (KHTML, like Gecko) Chrome/83.0.4103.106 Safari/1F4F2D
4	1	0	0	0	27387980	0	0	27387980	0	0	6377	Mozilla/5.0 (Windows NT 10.0; Win64; x64) AppleWebKit/537.36 (KHTML, like Gecko) Chrome/96.0.4664.45 Safari/537.36 Edg/BC7A9EEE1EFA
4	1	1	0	1	27391707	0	27391707	27391707	0	27391707	30857	Pandalytics/1.0 (https://domainsbot.com/pandalytics/)
4	1	1	0	0	27380444	0	0	27380444	0	0	0	Mozilla/5.0 (Linux; Android 8.0.0; SM-G960F Build/R16NW) AppleWebKit/537.36 (KHTML, like Gecko) Chrome/62.0.3202.84 Mobile Safari/537.36
4	2	2	0	0	27384238	0	0	27379557	0	0	123145	Python/3.6 aiohttp/3.5.4
4	80	1	0	27	27379263	0	27379263	27379263	0	27379263	2373170	Mozilla/5.0 (iPhone; CPU iPhone OS 14_4_2 like Mac OS X) AppleWebKit/605.1.15 (KHTML, like Gecko) Version/14.0.3 Mobile/15E148 Safari/604.1
4	1	1	0	0	27384050	0	0	27384050	0	0	30857	Mozilla/5.0 (Linux; U; Android 2.2; en-us; Nexus One Build/FRF91) AppleWebKit/533.1 (KHTML, like Gecko) Version/4.0 Mobile Safari/533.1
4	2	2	0	0	27380875	0	0	27380871	0	0	61712	WhatsApp/2.21.19.21 A
4	1	0	0	0	27386363	0	0	27386363	0	0	6377	Mozilla/5.0 (Windows NT 10.0; Win64; x64) AppleWebKit/537.36 (KHTML, like Gecko) Chrome/94.0.4606.81 Safari/537.36 OPR/C8A26CF2C60D
4	15	9	0	2	27385282	0	27383995	27381631	0	27383965	908996	Mozilla/5.0 (Linux; Android 6.0.1; Nexus 5X Build/MMB29P) AppleWebKit/537.36 (KHTML, like Gecko) Chrome/97.0.4692.71 Mobile Safari/537.36 (compatible; Googlebot/2.1; +http://www.google.com/bot.html)
4	0	0	0	1	0	0	27380373	0	0	27380373	0	Mozilla/5.0 (Windows NT 10.0; WOW64) AppleWebKit/537.36 (KHTML, like Gecko) Chrome/83.0.4103.106 Safari/858857
4	1	1	0	0	27383885	0	0	27383885	0	0	0	Mozilla/5.0 (Windows NT 10.0; WOW64) AppleWebKit/537.36 (KHTML, like Gecko) Chrome/83.0.4103.106 Safari/06542E
4	1	1	0	0	27379327	0	0	27379327	0	0	92288	Mozilla/5.0 (Windows NT 5.1) AppleWebKit/537.36 (KHTML, like Gecko) Chrome/36.0.1985.67 Safari/537.36
4	182	8	0	332	27385534	0	27385534	27385400	0	27385400	2067200	Mozilla/5.0 (Windows NT 10.0; Win64; x64) AppleWebKit/537.36 (KHTML, like Gecko) Chrome/42.0.2311.135 Safari/537.36 Edge/12.246
4	84	2	0	18	27382438	0	27382438	27382438	0	27382438	2630806	Mozilla/5.0 (Linux; Android 11; SAMSUNG SM-A125F) AppleWebKit/537.36 (KHTML, like Gecko) SamsungBrowser/11.0 Chrome/75.0.3770.143 Mobile Safari/537.36
4	1	1	0	0	27392452	0	0	27392452	0	0	30857	Mozilla/5.0 (Windows NT 10.0; Win64; x64)AppleWebKit/537.36 (KHTML, like Gecko) Chrome/66.0.3359.181 Safari/537.36
4	1	1	0	0	27380163	0	0	27380163	0	0	29589	Mozilla/5.0 (Windows NT 6.1; WOW64; rv:46.0) Gecko/20100101 Firefox/46.0
4	9	0	0	0	27378403	0	0	27378403	0	0	576	Cpanel-HTTP-Client/1.0
4	1	1	0	0	27384304	0	0	27384304	0	0	30857	Mozilla/5.0 (Windows NT 10.0; Win64; x64; rv:94.0) Gecko/20100101 Firefox/94.0
4	7	7	0	6	27391353	0	27388910	27382199	0	27382199	277438	Mozilla/5.0 (compatible; AhrefsBot/7.0; +http://ahrefs.com/robot/)
5	1	1	0	0	27380871	0	0	27380871	0	0	30856	102.89.3.49
5	1	0	0	0	27383886	0	0	27383886	0	0	6377	151.177.81.31
5	2	1	0	0	27381286	0	0	27381286	0	0	37233	161.35.89.180
5	5	1	0	12	27387349	0	27387349	27387349	0	27387349	353014	143.244.38.74
5	1	0	0	0	27382443	0	0	27382443	0	0	6377	211.222.116.85
5	1	1	0	0	27390855	0	0	27390855	0	0	0	86.7.204.3
5	1	0	0	0	27383865	0	0	27383865	0	0	94803	206.204.53.152
5	1	1	0	0	27381603	0	0	27381603	0	0	30856	34.212.242.226
5	1	0	0	0	27379863	0	0	27379863	0	0	2595	168.151.110.59
5	1	1	0	0	27380875	0	0	27380875	0	0	30856	102.89.3.132
5	1	1	0	0	27378478	0	0	27378478	0	0	2651	38.108.182.5
5	1	1	0	0	27380326	0	0	27380326	0	0	29589	37.120.193.54
5	1	1	0	0	27382748	0	0	27382748	0	0	30857	154.16.101.159
5	2	2	0	2	27378350	0	27378350	27378350	0	27378350	5302	154.21.21.28
5	1	1	0	0	27389367	0	0	27389367	0	0	30857	54.245.48.251
5	0	0	0	1	0	0	27379863	0	0	27379863	0	191.101.215.217
5	1	1	0	0	27384724	0	0	27384724	0	0	30857	58.214.186.201
5	2	1	0	2	27382241	0	27382241	27382241	0	27382241	37234	47.242.25.22
5	3	3	0	17	27385603	0	27385603	27385603	0	27385603	92571	128.199.146.202
5	1	0	0	0	27383865	0	0	27383865	0	0	6377	185.46.118.46
5	1	0	0	0	27387055	0	0	27387055	0	0	218382	154.16.235.0
5	1	0	0	0	27386363	0	0	27386363	0	0	6377	61.205.34.123
5	1	0	0	0	27387055	0	0	27387055	0	0	94803	181.215.51.108
5	1	0	0	0	27383865	0	0	27383865	0	0	2595	154.16.121.22
5	1	0	0	0	27391025	0	0	27391025	0	0	6377	121.109.77.83
5	0	0	0	1	0	0	27387055	0	0	27387055	0	181.215.88.75
5	8	1	0	3	27381578	0	27381578	27380780	0	27381576	374401	36.99.136.143
5	5	1	0	3	27381578	0	27380780	27381578	0	27380780	1025357	36.99.136.142
5	0	0	0	1	0	0	27382596	0	0	27382596	0	54.36.148.140
5	2	1	0	7	27381578	0	27381578	27380780	0	27380781	51625	36.99.136.141
5	4	2	0	7	27381576	0	27381576	27380780	0	27380780	96093	36.99.136.140
5	13	1	0	7	27381578	0	27381578	27380780	0	27380780	403626	36.99.136.139
5	9	3	0	5	27381578	0	27381578	27380779	0	27380780	357885	36.99.136.138
5	0	0	0	1	0	0	27382467	0	0	27382467	0	54.36.148.134
5	0	0	0	1	0	0	27383865	0	0	27383865	0	154.16.47.254
5	2	1	0	2	27382508	0	27382508	27382508	0	27382508	37234	47.242.250.252
5	1	0	0	0	27382748	0	0	27382748	0	0	94803	104.244.83.18
5	0	0	0	2	0	0	27384025	0	0	27383965	0	66.249.66.220
5	2	1	0	0	27390196	0	0	27390196	0	0	37234	8.218.41.210
5	2	1	0	0	27378886	0	0	27378886	0	0	98665	161.35.89.141
5	0	0	0	1	0	0	27384128	0	0	27384128	0	64.227.106.74
5	1	1	0	0	27378472	0	0	27378472	0	0	2651	69.25.58.56
5	0	0	0	1	0	0	27379863	0	0	27379863	0	168.151.132.0
5	1	0	0	2	27379960	0	27379961	27379960	0	27379961	542475	154.21.22.111
5	96	9	0	301	27385534	0	27385538	27385533	0	27385533	1310763	51.195.90.229
5	1	1	0	0	27380061	0	0	27380061	0	0	29589	65.154.226.220
5	1	1	0	0	27379761	0	0	27379761	0	0	29708	168.119.8.234
5	1	0	0	0	27387980	0	0	27387980	0	0	6377	116.94.179.64
5	3	3	0	9	27385342	0	27385346	27385339	0	27385341	92571	116.206.229.135
5	1	1	0	0	27381025	0	0	27381025	0	0	30856	123.233.115.26
5	1	0	0	0	27379862	0	0	27379862	0	0	94803	216.109.167.39
5	1	1	0	0	27382084	0	0	27382084	0	0	30856	197.210.76.209
5	1	1	0	0	27381720	0	0	27381720	0	0	30856	195.201.41.238
5	1	0	0	0	27378403	0	0	27378403	0	0	87	3.142.122.14
5	0	0	0	1	0	0	27383865	0	0	27383865	0	181.214.189.197
5	2	2	0	0	27384238	0	0	27379557	0	0	123145	164.68.96.236
5	9	0	0	0	27378403	0	0	27378403	0	0	576	172.31.30.179
5	8	0	0	5	27380194	0	27380194	27380194	0	27380194	815269	197.210.79.239
5	0	0	0	1	0	0	27382748	0	0	27382748	0	188.240.49.238
5	0	0	0	1	0	0	27387055	0	0	27387055	0	181.215.87.141
5	0	0	0	1	0	0	27379863	0	0	27379863	0	181.41.204.179
5	1	1	0	0	27383885	0	0	27383885	0	0	0	118.43.62.103
5	0	0	0	1	0	0	27380196	0	0	27380196	0	102.89.1.151
5	5	1	0	12	27383993	0	27383993	27383993	0	27383993	353014	54.189.230.128
5	1	1	0	0	27390048	0	0	27390048	0	0	92296	207.46.13.22
5	5	1	0	12	27384739	0	27384740	27384739	0	27384739	353014	172.103.161.13
5	5	1	0	12	27380114	0	27380114	27380114	0	27380114	351746	34.203.248.97
5	0	0	0	1	0	0	27382748	0	0	27382748	0	168.151.196.217
5	1	0	0	0	27378403	0	0	27378403	0	0	87	18.159.196.172
5	7	6	0	1	27392415	0	27392001	27381631	0	27392001	187736	66.249.66.82
5	1	1	0	0	27379963	0	0	27379963	0	0	29589	122.161.240.132
5	8	2	0	1	27383935	0	27388785	27381631	0	27388785	754624	66.249.66.81
5	0	0	0	1	0	0	27379863	0	0	27379863	0	180.149.3.221
5	4	2	0	3	27392297	0	27383950	27381643	0	27381631	282691	66.249.66.80
5	0	0	0	1	0	0	27387055	0	0	27387055	0	181.215.204.86
5	2	1	0	0	27379761	0	0	27379761	0	0	248090	171.13.14.75
5	1	1	0	0	27379445	0	0	27379445	0	0	92288	76.164.198.173
5	1	1	0	0	27385666	0	0	27385666	0	0	30857	78.47.148.175
5	0	0	0	1	0	0	27387055	0	0	27387055	0	181.215.193.129
5	1	1	0	0	27390347	0	0	27390347	0	0	30857	114.79.0.120
5	1	1	0	0	27384952	0	0	27384952	0	0	30857	122.161.246.43
5	0	0	0	1	0	0	27379863	0	0	27379863	0	209.242.213.221
5	1	0	0	1	27382432	0	27382700	27382432	0	27382700	2595	66.249.73.44
5	0	0	0	2	0	0	27383995	0	0	27381741	0	66.249.66.157
5	6	3	0	0	27382700	0	0	27382432	0	0	685577	66.249.73.42
5	46	2	0	28	27380194	0	27380195	27380194	0	27380194	1077430	197.210.85.154
5	1	1	0	0	27381756	0	0	27381756	0	0	30856	66.249.66.156
5	1	1	0	0	27378411	0	0	27378411	0	0	2651	54.203.73.198
5	1	1	0	0	27381741	0	0	27381741	0	0	30856	66.249.66.154
5	0	0	0	1	0	0	27387055	0	0	27387055	0	216.19.202.1
5	1	1	0	0	27383865	0	0	27383865	0	0	30857	191.101.214.48
5	1	1	0	0	27384010	0	0	27384010	0	0	0	66.249.66.62
5	81	2	2	13	27379631	27379633	27379601	27379598	27379631	27379598	2467697	196.251.228.29
5	81	1	0	7	27378889	0	27378889	27378889	0	27378889	2379547	18.216.251.67
5	4	4	0	23	27385050	0	27385051	27383467	0	27383467	123428	128.90.159.118
5	331	11	4	192	27378725	27378724	27378725	27378707	27378707	27378707	1914802	154.21.21.243
5	0	0	0	1	0	0	27382748	0	0	27382748	0	198.240.91.141
5	2	2	0	0	27388990	0	0	27388953	0	0	61714	40.117.185.219
5	0	0	0	1	0	0	27380683	0	0	27380683	0	213.152.162.170
5	1	1	0	0	27383998	0	0	27383998	0	0	92296	157.55.39.89
5	1	1	0	1	27378406	0	27378406	27378406	0	27378406	2651	161.35.89.74
5	0	0	0	1	0	0	27385282	0	0	27385282	0	66.249.64.222
5	0	0	0	1	0	0	27382748	0	0	27382748	0	181.214.37.0
5	0	0	0	1	0	0	27387055	0	0	27387055	0	198.240.91.129
5	0	0	0	3	0	0	27388858	0	0	27386445	0	40.77.167.105
5	3	1	0	0	27382443	0	0	27382443	0	0	43611	211.123.228.251
5	1	1	0	0	27379756	0	0	27379756	0	0	29708	36.110.211.67
5	1	1	0	0	27382467	0	0	27382467	0	0	30857	54.36.148.32
5	0	0	0	1	0	0	27382949	0	0	27382949	0	54.36.148.29
5	0	0	0	24	0	0	27389546	0	0	27389546	0	102.129.153.180
5	1	1	0	0	27380372	0	0	27380372	0	0	29589	185.196.57.184
5	1	1	0	1	27380859	0	27380859	27380859	0	27380859	92288	149.154.161.15
5	1	1	0	0	27385282	0	0	27385282	0	0	30857	66.249.64.195
5	102	3	0	8	27379857	0	27379857	27379854	0	27379854	3902371	154.21.21.219
5	1	1	0	0	27379404	0	0	27379404	0	0	92288	104.168.145.105
5	5	1	0	12	27388830	0	27388830	27388830	0	27388830	353014	113.210.54.126
5	0	0	0	1	0	0	27383865	0	0	27383865	0	181.214.2.140
5	3	3	0	18	27381701	0	27381701	27381701	0	27381701	92568	5.62.49.94
5	5	2	0	1	27380620	0	27380620	27380620	0	27380620	345369	13.229.144.184
5	0	0	0	1	0	0	27388910	0	0	27388910	0	54.36.149.60
5	1	0	0	0	27378403	0	0	27378403	0	0	87	66.133.109.36
5	0	0	0	1	0	0	27382748	0	0	27382748	0	198.240.89.75
5	1	1	0	0	27391025	0	0	27391025	0	0	0	219.255.224.84
5	96	9	0	287	27385400	0	27385426	27385400	0	27385400	1310763	54.36.162.160
5	84	2	0	18	27382438	0	27382438	27382438	0	27382438	2630806	197.210.29.245
5	5	1	0	12	27387981	0	27387981	27387981	0	27387981	353014	35.165.200.29
5	85	2	0	50	27381089	0	27381082	27381081	0	27381081	2629699	105.112.22.200
5	0	0	0	1	0	0	27387055	0	0	27387055	0	167.160.54.178
5	82	7	0	110	27382171	0	27382171	27378370	0	27379262	2777792	197.211.59.102
5	2	0	0	0	27379761	0	0	27379761	0	0	97398	171.13.14.12
5	1	1	0	0	27388910	0	0	27388910	0	0	30857	54.36.149.48
5	88	5	2	24	27380065	27380002	27380065	27379998	27379998	27379998	700846	156.146.46.200
5	1	0	0	0	27382748	0	0	27382748	0	0	6377	191.96.195.37
5	0	0	0	1	0	0	27387055	0	0	27387055	0	216.19.203.154
5	1	0	0	0	27382748	0	0	27382748	0	0	218382	181.215.41.172
5	1	1	0	0	27392452	0	0	27392452	0	0	30857	54.212.33.103
5	1	0	0	0	27378403	0	0	27378403	0	0	87	34.221.255.206
5	1	1	0	0	27378404	0	0	27378404	0	0	2651	51.81.167.146
5	0	0	0	1	0	0	27383865	0	0	27383865	0	203.78.171.53
5	0	0	0	4	0	0	27379755	0	0	27379755	0	180.163.220.68
5	2	2	0	0	27382986	0	0	27382986	0	0	61714	151.106.112.127
5	2	1	0	1	27379755	0	27379755	27379755	0	27379755	32303	180.163.220.67
5	1	0	0	0	27379755	0	0	27379755	0	0	94803	180.163.220.66
5	5	1	0	25	27379814	0	27379814	27379814	0	27379814	351865	185.56.156.218
5	0	0	0	1	0	0	27383865	0	0	27383865	0	206.204.48.150
5	1	1	0	0	27392445	0	0	27392445	0	0	30857	66.249.75.62
5	0	0	0	24	0	0	27383281	0	0	27383281	0	102.129.153.141
5	1	1	0	0	27385312	0	0	27385312	0	0	30857	66.249.70.4
5	1	0	0	1	27380373	0	27380373	27380373	0	27380373	6377	49.175.4.149
5	1	1	0	0	27384637	0	0	27384637	0	0	30857	54.36.149.30
5	1	1	0	0	27382199	0	0	27382199	0	0	30857	54.36.149.28
5	1	1	0	1	27380194	0	27380194	27380194	0	27380194	29589	102.89.0.234
5	0	0	0	1	0	0	27382748	0	0	27382748	0	45.41.161.68
5	1	1	0	0	27384050	0	0	27384050	0	0	30857	42.83.147.43
5	1	0	0	0	27387055	0	0	27387055	0	0	2595	185.51.23.198
5	0	0	0	1	0	0	27387055	0	0	27387055	0	188.241.203.77
5	1	1	0	0	27388102	0	0	27388102	0	0	30857	34.219.207.70
5	1	0	0	0	27390855	0	0	27390855	0	0	6377	110.132.155.25
5	1	1	0	0	27382337	0	0	27382337	0	0	92296	54.36.149.100
5	1	0	0	0	27383865	0	0	27383865	0	0	218382	181.215.222.126
5	0	0	0	1	0	0	27384637	0	0	27384637	0	54.36.149.16
5	1	1	0	0	27387980	0	0	27387980	0	0	0	1.239.103.244
5	1	0	0	0	27379863	0	0	27379863	0	0	6377	209.242.214.235
5	1	1	0	0	27384987	0	0	27384987	0	0	30857	83.57.122.205
5	0	0	0	1	0	0	27382748	0	0	27382748	0	104.200.70.140
5	0	0	0	2	0	0	27390048	0	0	27389260	0	40.77.167.99
5	0	0	0	1	0	0	27382401	0	0	27382401	0	66.249.73.131
5	1	1	0	0	27382443	0	0	27382443	0	0	30857	222.238.254.40
5	3	3	0	0	27382521	0	0	27382401	0	0	215449	66.249.73.128
5	2	1	0	0	27390196	0	0	27390196	0	0	37234	47.243.15.50
5	0	0	0	1	0	0	27383865	0	0	27383865	0	198.240.116.85
5	1	1	0	1	27392426	0	27392426	27392426	0	27392426	30857	34.222.8.232
5	1	1	0	0	27383886	0	0	27383886	0	0	30857	211.244.187.239
5	85	2	0	74	27391429	0	27392169	27391428	0	27391428	298	146.70.65.150
5	168	6	3	156	27379795	27379793	27379788	27379475	27379477	27379475	1437163	105.112.178.100
5	1	1	0	0	27385346	0	0	27385346	0	0	30857	173.252.87.7
5	1	1	0	0	27388858	0	0	27388858	0	0	92296	157.55.39.132
5	1	1	0	0	27379862	0	0	27379862	0	0	29589	198.240.89.242
5	1	1	0	0	27384304	0	0	27384304	0	0	30857	62.182.157.252
5	0	0	0	3	0	0	27380195	0	0	27380195	0	102.89.1.55
5	160	20	0	447	27379852	0	27379852	27378730	0	27378730	3039055	129.205.124.14
5	1	1	0	0	27378422	0	0	27378422	0	0	2651	181.215.205.239
5	1	0	0	0	27381321	0	0	27381321	0	0	6377	40.77.167.86
5	1	1	0	0	27383044	0	0	27383044	0	0	30857	101.133.161.22
5	0	0	0	1	0	0	27382748	0	0	27382748	0	181.214.188.244
5	1	1	0	0	27386674	0	0	27386674	0	0	30857	38.18.60.117
5	1	1	0	0	27380444	0	0	27380444	0	0	0	45.132.227.135
5	2	2	0	0	27378370	0	0	27378369	0	0	5302	146.70.65.141
5	1	1	0	0	27381728	0	0	27381728	0	0	30856	80.120.129.210
5	702	21	1	564	27380875	27378735	27380875	27378720	27378735	27378720	6514254	146.70.65.140
5	0	0	0	2	0	0	27389645	0	0	27389645	0	185.69.253.137
5	1	1	0	0	27378370	0	0	27378370	0	0	2651	149.154.161.8
5	85	2	0	50	27387937	0	27387937	27387936	0	27387936	2631082	146.70.65.135
5	1	1	0	0	27382422	0	0	27382422	0	0	30857	221.2.155.200
5	2	1	0	3	27383952	0	27383952	27383952	0	27383952	37234	34.76.199.156
5	0	0	0	1	0	0	27379863	0	0	27379863	0	168.151.162.215
5	1	1	0	0	27384488	0	0	27384488	0	0	30857	18.237.87.163
5	3	3	0	16	27386073	0	27386074	27386073	0	27386073	92571	34.126.136.110
5	0	0	0	1	0	0	27379760	0	0	27379760	0	93.158.92.241
5	0	0	0	1	0	0	27383865	0	0	27383865	0	198.240.89.217
5	1	1	0	0	27392426	0	0	27392426	0	0	30857	34.213.144.130
5	11	3	0	1	27380783	0	27380783	27380781	0	27380783	974053	111.7.100.23
5	85	3	1	78	27380128	27380128	27380127	27380125	27380128	27380125	2724057	102.129.152.27
5	10	0	0	3	27380783	0	27380783	27380783	0	27380783	102820	111.7.100.22
5	84	2	0	69	27382124	0	27382176	27382123	0	27382123	2629412	102.129.152.26
5	9	0	0	2	27380783	0	27380783	27380783	0	27380783	423104	111.7.100.21
5	3	0	0	1	27380783	0	27380783	27380783	0	27380783	17930	111.7.100.20
5	2	2	0	92	27383400	0	27383401	27381962	0	27381963	0	64.64.245.150
5	3	3	0	0	27389260	0	0	27386445	0	0	92571	40.77.167.57
5	0	0	0	1	0	0	27382748	0	0	27382748	0	188.212.140.225
5	1	0	0	0	27383885	0	0	27383885	0	0	6377	220.86.83.25
5	1	1	0	0	27386363	0	0	27386363	0	0	0	219.78.22.4
5	81	2	1	26	27378692	27378692	27378692	27378691	27378692	27378691	2467374	154.21.21.98
5	0	0	0	1	0	0	27383865	0	0	27383865	0	168.151.244.234
5	1	1	0	0	27387055	0	0	27387055	0	0	30857	168.151.108.2
5	177	8	3	131	27378742	27378742	27378741	27378730	27378734	27378730	2516462	154.21.22.6
5	1	0	0	0	27387055	0	0	27387055	0	0	6377	209.242.201.1
5	1	1	0	0	27387980	0	0	27387980	0	0	30857	131.147.11.93
5	30	0	0	17	27380194	0	27380195	27380194	0	27380194	736831	197.210.84.204
5	0	0	0	1	0	0	27387055	0	0	27387055	0	181.215.86.149
5	0	0	0	1	0	0	27379863	0	0	27379863	0	181.214.191.125
5	3	2	0	13	27380195	0	27380196	27380194	0	27380194	92288	102.89.0.157
5	0	0	0	1	0	0	27382199	0	0	27382199	0	54.36.148.224
5	1	0	0	0	27379862	0	0	27379862	0	0	218382	102.129.130.118
5	1	0	0	0	27386363	0	0	27386363	0	0	6377	80.216.117.188
5	2	2	1	54	27379513	27379513	27379516	27379513	27379513	27379513	186815	154.21.22.205
5	1	0	0	0	27383885	0	0	27383885	0	0	6377	118.173.209.193
5	0	0	0	1	0	0	27379863	0	0	27379863	0	181.215.165.166
5	0	0	0	1	0	0	27387055	0	0	27387055	0	154.127.62.213
5	1	1	0	1	27391707	0	27391707	27391707	0	27391707	30857	34.247.156.153
5	1	1	0	0	27379481	0	0	27379481	0	0	92288	123.60.83.110
5	5	1	0	12	27383986	0	27383986	27383986	0	27383986	353014	35.165.215.140
5	0	0	0	1	0	0	27387055	0	0	27387055	0	198.240.89.170
5	84	2	0	50	27391671	0	27391671	27391671	0	27391671	2630806	136.36.77.186
5	85	2	0	54	27383296	0	27383334	27383283	0	27383283	2631130	112.210.230.142
5	0	0	0	1	0	0	27381309	0	0	27381309	0	191.102.159.114
5	1	1	0	1	27378406	0	27378406	27378406	0	27378406	2651	3.145.167.168
5	6	6	0	0	27391025	0	0	27380372	0	0	183874	54.237.250.240
5	0	0	0	1	0	0	27383865	0	0	27383865	0	181.215.81.159
5	1	1	0	0	27383502	0	0	27383502	0	0	30857	71.92.198.93
5	1	0	0	0	27378751	0	0	27378751	0	0	0	154.21.22.178
5	1	1	0	0	27386677	0	0	27386677	0	0	30857	54.36.148.186
5	0	0	0	1	0	0	27382748	0	0	27382748	0	181.215.81.155
5	0	0	0	1	0	0	27382748	0	0	27382748	0	168.151.207.96
5	2	0	0	37	27380196	0	27380205	27380195	0	27380194	0	102.89.0.125
5	2	2	0	0	27383997	0	0	27381319	0	0	61713	207.46.13.192
5	0	0	0	1	0	0	27383865	0	0	27383865	0	181.215.78.233
5	1	1	0	0	27391353	0	0	27391353	0	0	30857	54.36.148.178
5	0	0	0	1	0	0	27383865	0	0	27383865	0	181.215.81.147
5	0	0	0	1	0	0	27383865	0	0	27383865	0	216.19.223.228
5	1	1	0	1	27379846	0	27379846	27379846	0	27379846	29589	161.35.89.202
5	2	2	0	0	27379327	0	0	27379314	0	0	184576	15.204.140.66
5	0	0	0	8	0	0	27379755	0	0	27379755	0	180.163.220.5
5	2	0	0	0	27379755	0	0	27379755	0	0	224759	180.163.220.4
5	1	0	0	0	27382748	0	0	27382748	0	0	2595	209.95.169.24
5	82	2	0	28	27378962	0	27378962	27378962	0	27378962	2471835	197.210.28.97
5	1	1	0	0	27380163	0	0	27380163	0	0	29589	52.13.111.143
z	0	1529	32	27391428	0
z	1	12	0	27381578	12
z	2	19	0	27379855	1331
z	3	4	0	27391429	1185
z	4	870	14	27391671	5450501
z	5	869	248	27392452	32316293
z	6	125	0	27391671	34601295
c	200	2043	27392452
c	206	33	27385346
c	302	18	27380128
c	304	1352	27391428
c	404	3371	27392426
